S11 = 1+i2;

Zc = 50 * (1+S11) / (1-S11)